2644952
1353028
3604717
757340
1783756
3668576
1196107
9225135
1736725
1153457
649419
5100042
1205638
2796354
8943131
3613026
5240244
6279450
1158489
2271243
1027848
4874649
893099
818087
2681786
1064316
2305672
1722277
5446567
1019426
938589
4371260
3611611
1744057
3567750
2731353
925607
848279
645523
3152894
1947591
793543
269413
1999342
872727
1145279
2500238
1222045
3940144
585013
1411980
1803978
654749
1595556
1643190
3276393
979137
807241
2869335
966674
1315203
1261075
570114
1195799
4517040
2994936
1372215
1944788
1282219
424691
1556284
487998
1946519
920444
989869
1687616
2624997
2681222
351386
1595120
823197
885796
2766599
3015665
2620433
1203097
1676390
2197139
2710989
1620324
764977
2814614
1523559
1549366
1424480
3103591
1915673
1442572
2225053
817391
1318217
2292565
730127
7072930
1816634
1273154
686236
2742761
692440
2494551
7716990
4403872
3082734
5636252
1128481
2006784
1344284
4629544
1789632
804264
2883685
1312224
1386324
969693
5256782
1029364
1581552
2964538
1886664
1500687
2752021
1170272
1825597
363000
1127400
5216756
1645142
842212
361300
1840610
693867
1014209
1668812
1333334
2608015
1368395
2848557
802734
2052987
4684786
1068638
5059463
1820726
810548
395104
3106008
700058
3779198
7995504
7422303
7150744
4385580
1364464
3229661
1263617
4718252
1143836
1270538
2666335
619471
2574598
964718
3737610
661033
1414184
4771266
2473424
1259031
2040597
738908
1539882
469203
535199
5306895
1372457
1227721
411829
2120640
1026754
1561409
2658942
1422816
523261
857931
334693
280023
571674
1163028
1422825
641473
404886
136373
414590
777983
472329
933422
613180
1632609
2228446
422279
1007674
1046214
494247
875280
1210341
251858
428307
804969
435563
552732
318161
834504
93108
1186570
334222
1290770
1154410
1230804
656330
1564610
416934
1436222
783023
730507
828650
556139
234149
768730
244985
975664
8669070
1394304
1362817
1811789
740088
4273002
5003478
1338989
6574954
3300427
1635103
1853265
603421
6409221
737667
691730
2827663
1256595
2781692
771052
1605297
1468174
977248
2272677
468287
3842374
4303059
2897550
5853349
848249
2005891
436971
927996
656926
1251578
1658468
1070992
810928
3645656
1290872
651987
11547630
1988791
3660939
3894730
3135305
2069564
961705
3773236
469034
1264331
708024
3021100
3567637
491356
2249366
461197
670218
1876058
3455079
1644276
1213603
777601
2607910
2044991
9378203
1247166
7552752
3488388
2183710
8108290
2214812
8663133
1500126
2557222
10888080
2092297
2256345
2772485
1094121
1976465
6835069
4039596
1934546
1954679
2061333
1264944
3358162
982504
5084845
1732014
1435570
1598862
828412
2259099
819538
3383723
2644302
422137
945964
1066188
2649967
10007580
3390043
1344496
1501654
1544799
2337628
2539470
998047
1147545
5167844
5182015
1572817
3682096
2965396
5236518
1803496
1508903
1481217
3164855
2163338
6731002
1331632
2671751
987402
686368
1569600
210779
368820
1167920
2908008
966256
463359
968928
2498652
1488723
