37640
40210
37937
57514
33826
42215
53156
37001
45189
40080
41370
32032
42276
50336
49014
45532
40366
47000
42191
38466
45468
37274
46911
33209
31937
40837
38366
48692
47417
51341
37631
32629
40542
43151
47457
41389
40614
35905
38280
25830
39536
40362
32874
17223
40671
35708
40363
39263
36421
45598
24535
38808
38332
27062
43053
39867
41401
36338
33369
42200
32112
39058
37823
28099
37313
54571
45466
40369
43231
37127
21585
40264
25182
44186
35939
31454
45022
46281
39068
17948
43329
33174
32765
47022
41737
71818
36802
51058
48598
45530
43758
27357
41175
38685
41408
37825
48499
41289
39834
42854
32469
41711
47537
29799
47132
42001
40288
30391
42808
28101
45106
46663
40427
44865
45650
36640
58742
38358
48134
41716
28807
42152
45807
43769
33516
43919
38661
38788
44975
39798
39262
48710
37994
55338
16165
33350
40888
38437
31050
20413
46148
30091
34578
42444
36931
44594
40943
40997
32638
40604
48762
35754
42067
43811
34757
22322
41801
31357
43581
43740
40702
42842
42147
42432
44801
38068
41637
35664
37514
42623
30601
49975
35254
39851
31060
37378
40405
39375
36555
40143
33271
37915
25742
24327
39931
36937
38689
25458
41810
35833
39923
40484
37504
11759
6261
11121
2447
2684
33251
16576
14426
2112
586
10828
7956
2177
8946
2731
13591
44476
2549
10573
20250
3118
9105
13233
1017
2693
4970
3708
4208
2269
14588
243
14296
1369
16432
13936
32253
3401
9473
1959
13164
7957
5090
3636
16555
897
9822
5485
18211
43250
36778
36508
39598
32182
43019
40125
36573
43629
42468
38136
38108
28515
40312
27920
28321
39937
34698
42739
31753
37798
37153
33665
42935
23536
48509
41756
38577
41800
31857
38525
26001
34970
34520
38829
39683
35560
32162
41827
44348
30348
44500
38196
39555
39841
44381
39416
34046
39595
22778
35542
27937
39293
40042
28425
39620
22467
27261
39375
39658
35399
35555
30329
42487
37747
42646
35918
40534
39356
38069
41310
39315
43663
36576
38264
43409
37690
38242
39261
34922
38421
43625
39473
37750
38294
37739
35186
39017
31915
43707
38222
39643
38273
30663
38632
32786
39877
40596
18978
29931
34210
39065
45073
57028
36468
38425
37757
39110
49780
34294
32651
41096
41642
36894
43161
38920
40029
38273
37467
40489
46672
40747
41625
37597
41528
35179
31377
37564
13309
20169
36090
40199
30495
23818
35528
39527
37640
